109.834	109.834	104.116
98.4424	98.4424	93.3276
88.8678	88.8678	84.2125
81.3149	81.3149	76.9232
74.5532	74.5532	70.3513
68.1719	68.1719	64.1061
61.966	61.966	58.0139
55.8922	55.8922	52.0344
49.9522	49.9522	46.1815
44.1865	44.1865	40.4952
38.6408	38.6408	35.0272
33.3665	33.3665	29.8277
28.4073	28.4073	24.9438
23.8014	23.8014	20.4122
19.577	19.577	16.2628
15.7555	15.7555	12.5158
12.3517	12.3517	9.18718
9.37719	9.37719	6.28703
6.83978	6.83978	3.82388
4.74605	4.74605	1.80184
3.11624	3.11624	0.241174
1.96048	1.96048	-0.847101
1.21087	1.21087	-1.52897
0.754974	0.754974	-1.91773
0.50331	0.50331	-2.10278
0.392609	0.392609	-2.14819
0.377805	0.377805	-2.09873
0.425381	0.425381	-1.9885
0.511508	0.511508	-1.84103
0.618077	0.618077	-1.67485
0.732739	0.732739	-1.50201
0.845408	0.845408	-1.3329
0.95024	0.95024	-1.17305
1.04218	1.04218	-1.02771
1.12126	1.12126	-0.896588
1.18682	1.18682	-0.780487
1.24557	1.24557	-0.672596
1.29754	1.29754	-0.572868
1.36271	1.36271	-0.461881
1.34781	1.34781	-0.427349
1.06302	1.06302	-0.647222
0.668609	0.668609	-0.972012
0.434988	0.434988	-1.14905
0.352695	0.352695	-1.18608
0.344151	0.344151	-1.15453
0.376934	0.376934	-1.08494
0.432429	0.432429	-0.99477
0.500423	0.500423	-0.894023
0.572659	0.572659	-0.790626
0.642541	0.642541	-0.691268
0.704017	0.704017	-0.601869
0.752269	0.752269	-0.5274
0.783743	0.783743	-0.47132
0.796626	0.796626	-0.435559
0.790613	0.790613	-0.420289
0.766538	0.766538	-0.424714
0.725534	0.725534	-0.447516
0.668113	0.668113	-0.488181
0.592961	0.592961	-0.547854
0.49874	0.49874	-0.627838
0.40531	0.40531	-0.707392
0.350052	0.350052	-0.748029
0.342865	0.342865	-0.739652
0.366427	0.366427	-0.700309
0.404728	0.404728	-0.646363
0.44903	0.44903	-0.586748
0.493677	0.493677	-0.527059
0.534145	0.534145	-0.471855
0.566387	0.566387	-0.425071
0.587097	0.587097	-0.390033
0.593961	0.593961	-0.368964
0.586159	0.586159	-0.362728
0.56447	0.56447	-0.3705
0.531349	0.531349	-0.389917
0.490477	0.490477	-0.417299
0.446336	0.446336	-0.448283
0.40352	0.40352	-0.47829
0.366414	0.366414	-0.503041
0.338892	0.338892	-0.518655
0.324435	0.324435	-0.521723
0.32518	0.32518	-0.510058
0.339712	0.339712	-0.485073
0.362882	0.362882	-0.451803
0.388988	0.388988	-0.415938
0.413684	0.413684	-0.381764
0.43392	0.43392	-0.352358
0.447368	0.447368	-0.330006
0.452427	0.452427	-0.316339
0.448315	0.448315	-0.31209
0.435358	0.435358	-0.31695
0.414996	0.414996	-0.329418
0.389738	0.389738	-0.346991
0.362727	0.362727	-0.366461
0.337284	0.337284	-0.384511
0.316279	0.316279	-0.39822
0.301765	0.301765	-0.405549
0.294702	0.294702	-0.405502
0.295034	0.295034	-0.398164
0.301782	0.301782	-0.384489
0.313292	0.313292	-0.366161
0.327363	0.327363	-0.345361
0.341557	0.341557	-0.324554
0.35356	0.35356	-0.306028
0.36159	0.36159	-0.29159
0.364487	0.364487	-0.282374
0.361771	0.361771	-0.278882
0.353606	0.353606	-0.28093
0.34086	0.34086	-0.287675
0.324988	0.324988	-0.297644
0.307908	0.307908	-0.308945
0.291655	0.291655	-0.319523
0.278091	0.278091	-0.327541
0.268553	0.268553	-0.33164
0.263711	0.263711	-0.331168
0.263495	0.263495	-0.326169
0.267241	0.267241	-0.317325
0.273826	0.273826	-0.305734
0.281912	0.281912	-0.292747
0.290083	0.290083	-0.279759
0.297034	0.297034	-0.268087
0.301662	0.301662	-0.258816
0.303205	0.303205	-0.25272
0.3013	0.3013	-0.250143
0.296051	0.296051	-0.250993
0.287976	0.287976	-0.254732
0.277976	0.277976	-0.260473
0.267177	0.267177	-0.267068
0.256811	0.256811	-0.2733
0.247993	0.247993	-0.278033
0.241588	0.241588	-0.280418
0.238054	0.238054	-0.279979
0.237426	0.237426	-0.276695
0.239327	0.239327	-0.27093
0.243084	0.243084	-0.263367
0.247831	0.247831	-0.25486
0.252665	0.252665	-0.246326
0.256727	0.256727	-0.238607
0.259326	0.259326	-0.232409
0.259977	0.259977	-0.228203
0.258467	0.258467	-0.226213
0.254855	0.254855	-0.22637
0.249478	0.249478	-0.228345
0.242887	0.242887	-0.231577
0.235795	0.235795	-0.235365
0.228947	0.228947	-0.238949
0.223044	0.223044	-0.241642
0.218615	0.218615	-0.2429
0.215975	0.215975	-0.242421
0.215163	0.215163	-0.240151
0.215984	0.215984	-0.236297
0.218026	0.218026	-0.231258
0.220758	0.220758	-0.225576
0.223588	0.223588	-0.21983
0.225962	0.225962	-0.214583
0.227411	0.227411	-0.210294
0.22762	0.22762	-0.207288
0.226437	0.226437	-0.205704
0.223906	0.223906	-0.205508
0.220234	0.220234	-0.206482
0.215782	0.215782	-0.208273
0.210992	0.210992	-0.210432
0.206345	0.206345	-0.212483
0.202278	0.202278	-0.213981
0.199137	0.199137	-0.214587
0.197124	0.197124	-0.214093
0.196284	0.196284	-0.212458
0.196499	0.196499	-0.209793
0.197527	0.197527	-0.206347
0.199028	0.199028	-0.202454
0.200629	0.200629	-0.198491
0.201962	0.201962	-0.194821
0.202719	0.202719	-0.191757
0.202679	0.202679	-0.189513
0.20174	0.20174	-0.188197
0.199918	0.199918	-0.187788
0.197346	0.197346	-0.188156
0.194249	0.194249	-0.189072
0.190917	0.190917	-0.190251
0.187656	0.187656	-0.19138
0.184755	0.184755	-0.192176
0.18244	0.18244	-0.192406
0.180853	0.180853	-0.191935
0.18003	0.18003	-0.19072
0.179909	0.179909	-0.188828
0.180336	0.180336	-0.186406
0.181102	0.181102	-0.18367
0.18196	0.18196	-0.180862
0.18267	0.18267	-0.178223
0.183022	0.183022	-0.175962
0.182865	0.182865	-0.174231
0.182119	0.182119	-0.173107
0.180788	0.180788	-0.17259
0.178948	0.178948	-0.172598
0.176745	0.176745	-0.172991
0.174361	0.174361	-0.17358
0.172003	0.172003	-0.174165
0.169858	0.169858	-0.174551
0.168086	0.168086	-0.174585
0.166785	0.166785	-0.174163
0.165994	0.165994	-0.173251
0.165678	0.165678	-0.171877
0.16575	0.16575	-0.170135
0.166072	0.166072	-0.168157
0.166487	0.166487	-0.166105
0.16683	0.16683	-0.164138
0.166959	0.166959	-0.162403
0.16676	0.16676	-0.161009
0.166174	0.166174	-0.16002
0.165189	0.165189	-0.159444
0.163849	0.163849	-0.159238
0.162241	0.162241	-0.159315
0.160485	0.160485	-0.159555
0.158715	0.158715	-0.159821
0.157065	0.157065	-0.159983
0.155645	0.155645	-0.159928
0.154536	0.154536	-0.159577
0.153772	0.153772	-0.158893
0.153345	0.153345	-0.157886
0.153203	0.153203	-0.156606
0.153265	0.153265	-0.155137
0.153422	0.153422	-0.153583
0.153565	0.153565	-0.152058
0.153587	0.153587	-0.150665
0.153404	0.153404	-0.149491
0.15296	0.15296	-0.148588
0.152236	0.152236	-0.147978
0.151248	0.151248	-0.147644
0.150047	0.150047	-0.147534
0.148708	0.148708	-0.147573
0.147326	0.147326	-0.147667
0.145994	0.145994	-0.147722
0.144799	0.144799	-0.147652
0.143807	0.143807	-0.147388
0.143059	0.143059	-0.146892
0.142562	0.142562	-0.146155
0.142293	0.142293	-0.1452
0.142204	0.142204	-0.144076
0.142224	0.142224	-0.142854
0.142272	0.142272	-0.141613
0.142267	0.142267	-0.140434
0.142138	0.142138	-0.13939
0.141831	0.141831	-0.138534
0.141316	0.141316	-0.137896
0.140588	0.140588	-0.137479
0.139672	0.139672	-0.13726
0.138615	0.138615	-0.137191
0.137482	0.137482	-0.137208
0.136345	0.136345	-0.137237
0.135279	0.135279	-0.137204
0.134346	0.134346	-0.137047
0.133594	0.133594	-0.136718
0.133045	0.133045	-0.136194
0.132698	0.132698	-0.135477
0.132528	0.132528	-0.134591
0.132488	0.132488	-0.133584
